N <- 32
ooc_count <- 
c(28.34375, 15.5555555555556, 30.2, 8.13333333333333, 39.65625, 9.97222222222222, 18.9777777777778, 16.3333333333333, 49.75, 44.5128205128205,
44.9555555555556, 10, 18, 38.4444444444444, 19.5333333333333, 26.9333333333333, 1.27272727272727, 0.0444444444444444, 0, 0, 12.5625, 11.8529411764706,
5.42222222222222, 9.88888888888889, 23.2, 58.175, 37.9555555555556, 59.7333333333333, 13.3555555555556, 60.7333333333333, 52.4, 37.9777777777778)
s_count <- 
c(11.3, 100.2, 211.5, 11.4, 155.4, 147.9, 142.5, 10.7, 21.5, 126.1, 207.1, 112, 102.16, 95.8, 217.4, 58.08, 1.2, 0.1, 0.3, 0, 8.4, 13.7, 2.53, 87.8,
13.45, 32, 326.7, 408.25, 13.48, 167.04, 137.28, 143.12)
